10 0.0 0.0 1.0 0.0
10 -10.0 -1.0 1.0 0.0
10 0.0 0.0 1.0 0.0
10 0.0 0.0 1.0 0.0
10 -10.0 -1.0 1.0 0.0
10 0.0 0.0 1.0 0.0
10 0.0 0.0 1.0 0.0
10 -10.0 -1.0 1.0 0.0
10 0.0 0.0 1.0 0.0
10 0.0 0.0 1.0 0.0
10 -10.0 -1.0 1.0 0.0
10 0.0 0.0 1.0 0.0
10 0.0 0.0 1.0 0.0
10 -5.0 -1.0 1.0 0.0
10 0.0 0.0 1.0 0.0
10 0.0 0.0 1.0 0.0
10 -5.0 -1.0 1.0 0.0
10 0.0 0.0 1.0 0.0
10 0.0 0.0 1.0 0.0
10 -5.0 -1.0 1.0 0.0
10 0.0 0.0 1.0 0.0
10 0.0 0.0 1.0 0.0
10 -3.0 -1.0 1.0 0.0
10 0.0 0.0 1.0 0.0
10 0.0 0.0 1.0 0.0
10 -3.0 -1.0 1.0 0.0
10 0.0 0.0 1.0 0.0
10 0.0 0.0 1.0 0.0
10 -3.0 -1.0 1.0 0.0
10 0.0 0.0 1.0 0.0
10 0.0 0.0 1.0 0.0
10 -1.0 -1.0 1.0 0.0
10 0.0 0.0 1.0 0.0
10 0.0 0.0 1.0 0.0
10 -1.0 -1.0 1.0 0.0
10 0.0 0.0 1.0 0.0
